76.55486666666665
76.64093333333332
76.7136
76.73946666666666
76.77973333333333
76.82
76.80346666666667
76.816
76.82853333333334
76.80346666666668
76.80926666666667
76.79966666666667
76.7734
76.7606
76.7276
76.6946
76.65886666666665
76.62053333333331
76.53179999999999
76.51459999999999
76.49739999999998
76.4538
76.45566666666667
76.45613333333334
76.45660000000001
76.50486666666669
76.52113333333337
76.5374
76.61026666666667
76.64573333333334
76.6812
76.70866666666666
76.73613333333333
76.75060000000002
76.75406666666666
76.75233333333333
76.7506
76.7744
76.74660000000002
76.71880000000002
76.7114
76.65740000000001
76.6034
76.56386666666666
76.48393333333333
76.37739999999998
76.31833333333331
76.24126666666666
76.08959999999999
76.04013333333333
75.99066666666666
75.8896
75.8662
75.84280000000001
75.7728
75.7904
75.7948
75.7992
75.89706666666667
75.93493333333333
75.9728
76.01653333333333
76.06026666666668
76.09580000000003
76.12726666666669
76.15873333333333
76.1636
76.19293333333331
76.22226666666667
76.21480000000001
76.30573333333335
76.34346666666669
76.35020000000002
76.42073333333335
76.45166666666668
76.48259999999999
76.57953333333333
76.62706666666666
76.6746
76.79113333333332
76.86306666666664
76.91479999999999
77.0461333333333
77.12786666666666
77.1476
77.25639999999999
77.32939999999999
77.3628
77.4738
77.5464
77.56960000000002
77.61080000000004
77.652
77.64860000000002
77.66653333333335
77.68446666666668
77.6528
77.65613333333334
77.65446666666668
77.6528
77.652
77.632
77.612
77.58333333333333
77.54846666666666
77.46879999999997
77.45506666666665
77.44133333333333
77.4024
77.43199999999999
77.43939999999998
77.4468
77.51219999999998
77.53639999999999
77.5606
77.66239999999999
77.7108
77.75919999999999
77.83420000000001
77.8908
77.9288
77.95706666666666
77.98533333333333
77.9754
77.97826666666666
77.98113333333332
77.9754
77.98266666666666
77.96273333333333
77.94280000000002
77.92240000000001
77.87600000000002
77.82960000000003
77.78240000000002
77.72720000000002
77.60560000000001
77.5768
77.54799999999999
77.48119999999999
77.47226666666664
77.46333333333334
77.42759999999998
77.47093333333332
77.48186666666666
77.49279999999999
77.55346666666667
77.58333333333334
77.61319999999999
77.63853333333334
77.66386666666668
77.6764
77.67793333333334
77.67946666666667
77.6764
77.69019999999999
77.67479999999998
77.65939999999999
77.65346666666666
77.61713333333333
77.5808
77.54739999999998
77.49419999999998
77.4194
77.37459999999999
77.32799999999999
77.22279999999999
77.2002
77.1776
77.1258
77.11926666666668
77.11273333333334
77.0866
77.12086666666667
77.13213333333334
77.1434
77.19406666666667
77.22013333333332
77.24619999999999
77.25286666666665
77.25953333333334
77.25280000000001
77.28626666666666
77.26953333333333
77.2528
77.22973333333334
77.23386666666669
77.19720000000002
77.17526666666667
77.11973333333333
77.0642
77.01713333333335
76.94506666666666
76.813
76.7696
76.7132
76.6
76.56253333333332
76.52526666666665
76.488
76.41280000000002
76.39200000000002
76.33760000000001
76.33566666666667
76.33373333333333
76.326
76.33239999999999
76.35533333333332
76.36586666666666
76.38073333333332
76.39059999999999
76.38566666666665
76.41233333333335
76.39139999999999
76.37046666666667
76.36773333333335
76.3334
76.29906666666668
76.25706666666667
76.23493333333334
76.183
76.13106666666667
76.08033333333331
76.02159999999998
75.90599999999998
75.86959999999999
75.7858
75.77246666666667
75.75913333333334
75.7142
75.71140000000001
75.73939999999999
75.7464
75.7534
75.82259999999998
75.85259999999998
75.87899999999999
75.90806666666667
75.92953333333335
75.95606666666667
75.96113333333335
75.951
75.94879999999999
75.96900000000001
75.9556
75.9422
75.93433333333333
75.90346666666667
75.88580000000002
75.8352666666667
75.77393333333335
75.727
75.68166666666666
75.63393333333332
75.5218
75.49886666666666
75.47593333333336
75.41940000000001
75.41246666666667
75.40553333333332
75.37780000000001
75.41026666666666
75.41893333333333
75.43419999999999
75.4908
75.5164
75.5164
75.5164
75.5164
75.5164
75.5164
75.5164
75.5164
75.5164
75.5164
75.5164
75.5164
75.5164
75.5164
75.5164
75.5164
75.5164
